5031094
5037453
5049926
5056667
5013627
5057376
5054911
5058252
5050643
5053414
5054678
5026465
5041795
5049439
5035731
5024852
5055178
NULL
5001589
5001976
5002311
5004343
5006296
5006784
5008985
5011695
5011951
5012463
5015987
5017454
5017590
5022287
5022617
5022770
5023133
5023344
5023398
5023735
5023829
5024409
5024844
5025341
5025775
5026563
5027423
5027734
5028083
5028613
5028708
5028762
5028870
5029317
5029707
5029801
5030833
5031133
5031211
5031916
5032539
5032637
5032895
5033064
5033345
5033479
5033825
5034486
5034524
5034555
5034668
5034705
5034958
5035021
5035541
5036725
5037149
5038594
5040435
5040527
5044671
5044714
5045485
5045500
5045533
5045556
5045579
5045580
5045852
5045928
5046067
5046094
5046119
5046197
5047164
5047788
5047947
5048432
5048507
5048637
5048706
5048745
5048807
5049054
5049408
5049710
5049756
5049972
5050079
5050274
5050275
5050669
5050721
5050779
5050799
5050286
5030464
5050980
5023105
5044404
5000830
5038464
5031480
5050920
5051081
5051105
5051266
5051413
5051488
5051622
5051652
5051674
5052120
5052121
5052240
5052307
5052407
5053045
5053129
5053858
5054715
5055388
5029147
5058070
5058264
5028845
5059464
5046471
5029533
5001345
5020551
5050348
5032362
5050104
5047861
5048606
50366
50365
50362
50364
50368
50367
50363
5034962
5038032
5029879
5041932
5056406
5046665
5025071
5028963
5046516
5050719
5052111
5036439
5059215
5013989
5031318
5009994
5009817
5018741
5008444
5016627
5019421
5021517
5022530
5025061
5031042
5048548
5036225
5048079
5050606
5051156
5049981
5051231
5052503
5044333
5046799
5047276
5046890
5044815
50950
5047120
5032235
50022
5020056
5027334
5054920
5024145
5036023
5050444
5032985
5034581
5042117
5045654
5048311
5018454
5052203
5055042
5052862
5023956
5038989
5054240
5029749
5029777
5054253
5045432
5035219
5027017
5035665
5046615
5037095
5056613
5055763
5039435
5053520
5055038
5050310
5056627
5054945
5044738
5022503
5023522
5027650
5024451
5052663
VDR3111
5037242
5046843
5037444
5005462
5010300
5051106
5006607
5033323
5055726
5011555
5055620
5047387
5033749
5030624
5053326
5025141
5060639
5000155
5023454
5013038
5057054
5030872
5030828
TPTSPCM
5035552
5002302
5047083
5057537
5047807
5056386
5002365
5002209
5005371
5010341
5015171
5016044
5048890
5047732
5052457
5057571
5025770
5036287
AUDIT1
AUDIT3
AUDIT2
5056409
5056901
5034964
5031950
5037388
5054538
5031919
5057201
5054259
5055733
5058395
5012272
5049738
5031778
TPTSPRM
5054977
TPTSPOM
5000080
5003965
5002873
5028102
5049103
5000163
5000949
5002304
5010762
5004696
5048816
5028313
5050369
5058334
5058617
5028157
5060177
5057265
5057355
5050390
5055939
5043482
5023372
5058306
5056428
5057147
5059942
5060068
5056478
5029116
5058775
5024255
5057500
5058361
5057686
5055174
5055749
5042563
5058662
5060410
5061030
5000001
5054867
5016410
5061207
5060145
5041087
tptsprcu
5054182
5031107
5047109
5052209
5060158
5057369
5044852
5056674
5047705
VDR3164
5058197
5056240
5057568
5059610
5057888
5059415
5056547
5057649
5056688
5045790
5057883
5059506
5057049
5051493
5060244
5051396
5055415
5062047
5035708
5061237
5042205
5060838
5052927
5055657
53819
5055700
5057967
5045539
5057195
5061519
5056899
5059378
5059249
5061108
5057040
5062366
5048838
5062143
5048413
5057558
5058235
5060561
5058006
5058536
5058067
5061113
5057733
5061352
5062339
5059589
5058494
5060603
5057901
5056991
5056356
5062235
5057791
5052982
5058799
5058643
5058491
5056585
5057079
5057368
5055759
5057732
5057127
5047049
5058550
5058492
5057457
5061006
5059111
5054445
5054439
5031210
R100
5007899
5010885
5029654
5030111
5031043
5047036
5047192
5050083
5050911
5052053
5058265
5060324
5408807
5045908
5013614